=== Задача 4.1. Решение задачи Коши ===

Точное решение: y = cos(x) + 11/8 sin(x) - 1/8 sin(3x)
Интервал: [0.0000000000, 1.0000000000]
h1 = 0.1000000000, h2 = 0.0500000000

В обозначениях метода Рунге-Кутты: K_i -- приращения для y, L_i -- приращения для z = y'.

=== Метод Эйлера (h1) ===
x		y		y_exact		|y - y_exact|		z = y'		z_exact		|z - z_exact|
0.0000000000	1.0000000000	1.0000000000	0.0000000000	1.0000000000	1.0000000000	0.0000000000
0.1000000000	1.1000000000	1.0953350873	0.0046649127	0.9000000000	0.9100461272	0.0100461272
0.2000000000	1.1900000000	1.1826565985	0.0073434015	0.8195520207	0.8394213581	0.0198693375
0.3000000000	1.2719552021	1.2637609096	0.0081942925	0.7570162680	0.7849637278	0.0279474598
0.4000000000	1.3476568289	1.3400063289	0.0076504999	0.7081534388	0.7411563665	0.0330029278
0.5000000000	1.4184721727	1.4121058041	0.0063663686	0.6665916645	0.7007240334	0.0341323689
0.6000000000	1.4851313392	1.4799880620	0.0051432772	0.6244939459	0.6553947826	0.0309008368
0.7000000000	1.5475807338	1.5427403364	0.0048403974	0.5733655750	0.5967576095	0.0233920345
0.8000000000	1.6049172913	1.5986384368	0.0062788545	0.5049284383	0.5171382778	0.0122098395
0.9000000000	1.6554101351	1.6452619840	0.0101481511	0.4119830272	0.4104138500	0.0015691772
1.0000000000	1.6966084378	1.6796849090	0.0169235289	0.2891800018	0.2726918720	0.0164881298

=== Метод Эйлера (h2) ===
x		y		y_exact		|y - y_exact|		z = y'		z_exact		|z - z_exact|
0.0000000000	1.0000000000	1.0000000000	0.0000000000	1.0000000000	1.0000000000	0.0000000000
0.0500000000	1.0500000000	1.0487918516	0.0012081484	0.9500000000	0.9525132845	0.0025132845
0.1000000000	1.0975000000	1.0953350873	0.0021649127	0.9049719066	0.9100461272	0.0050742206
0.1500000000	1.1427485953	1.1398778183	0.0028707770	0.8648729170	0.8724544363	0.0075815193
0.2000000000	1.1859922412	1.1826565985	0.0033356427	0.8294837639	0.8394213581	0.0099375942
0.2500000000	1.2274664294	1.2238880207	0.0035784087	0.7984162755	0.8104672948	0.0120510193
0.3000000000	1.2673872431	1.2637609096	0.0036263336	0.7711248920	0.7849637278	0.0138388357
0.3500000000	1.3059434878	1.3024292949	0.0035141929	0.7469218754	0.7621505298	0.0152286544
0.4000000000	1.3432895815	1.3400063289	0.0032832526	0.7249958623	0.7411563665	0.0161605043
0.4500000000	1.3795393746	1.3765592920	0.0029800826	0.7044333375	0.7210217240	0.0165883865
0.5000000000	1.4147610415	1.4121058041	0.0026552374	0.6842425366	0.7007240334	0.0164814967
0.5500000000	1.4489731683	1.4466113333	0.0023618351	0.6633792339	0.6792043222	0.0158250883
0.6000000000	1.4821421300	1.4799880620	0.0021540681	0.6407738269	0.6553947826	0.0146209557
0.6500000000	1.5141808214	1.5120951421	0.0020856793	0.6153591019	0.6282466290	0.0128875271
0.7000000000	1.5449487765	1.5427403364	0.0022084401	0.5860980466	0.5967576095	0.0106595629
0.7500000000	1.5742536788	1.5716830143	0.0025706645	0.5520110761	0.5599985432	0.0079874671
0.8000000000	1.6018542326	1.5986384368	0.0032157958	0.5122020520	0.5171382778	0.0049362257
0.8500000000	1.6274643352	1.6232832383	0.0041810969	0.4658824994	0.4674664962	0.0015839967
0.9000000000	1.6507584602	1.6452619840	0.0054964762	0.4123934685	0.4104138500	0.0019796185
0.9500000000	1.6713781336	1.6641946570	0.0071834766	0.3512245395	0.3455689573	0.0056555822
1.0000000000	1.6889393606	1.6796849090	0.0092544516	0.2820295335	0.2726918720	0.0093376615

=== Метод Рунге-Кутты 4-го порядка (h1) ===
x		y		y_exact		|y - y_exact|		z = y'		z_exact		|z - z_exact|
0.0000000000	1.0000000000	1.0000000000	0.0000000000	1.0000000000	1.0000000000	0.0000000000
0.1000000000	1.0953356271	1.0953350873	0.0000005398	0.9100462591	0.9100461272	0.0000001319
0.2000000000	1.1826576519	1.1826565985	0.0000010534	0.8394216860	0.8394213581	0.0000003279
0.3000000000	1.2637624036	1.2637609096	0.0000014941	0.7849643032	0.7849637278	0.0000005754
0.4000000000	1.3400081520	1.3400063289	0.0000018230	0.7411572249	0.7411563665	0.0000008584
0.5000000000	1.4121078170	1.4121058041	0.0000020129	0.7007251913	0.7007240334	0.0000011579
0.6000000000	1.4799901122	1.4799880620	0.0000020502	0.6553962368	0.6553947826	0.0000014542
0.7000000000	1.5427422733	1.5427403364	0.0000019369	0.5967593372	0.5967576095	0.0000017277
0.8000000000	1.5986401267	1.5986384368	0.0000016900	0.5171402388	0.5171382778	0.0000019610
0.9000000000	1.6452633242	1.6452619840	0.0000013402	0.4104159896	0.4104138500	0.0000021396
1.0000000000	1.6796858382	1.6796849090	0.0000009293	0.2726941253	0.2726918720	0.0000022534

=== Метод Рунге-Кутты 4-го порядка (h2) ===
x		y		y_exact		|y - y_exact|		z = y'		z_exact		|z - z_exact|
0.0000000000	1.0000000000	1.0000000000	0.0000000000	1.0000000000	1.0000000000	0.0000000000
0.0500000000	1.0487918685	1.0487918516	0.0000000169	0.9525132879	0.9525132845	0.0000000034
0.1000000000	1.0953351211	1.0953350873	0.0000000338	0.9100461350	0.9100461272	0.0000000078
0.1500000000	1.1398778685	1.1398778183	0.0000000501	0.8724544495	0.8724544363	0.0000000132
0.2000000000	1.1826566642	1.1826565985	0.0000000657	0.8394213777	0.8394213581	0.0000000196
0.2500000000	1.2238881007	1.2238880207	0.0000000800	0.8104673215	0.8104672948	0.0000000268
0.3000000000	1.2637610024	1.2637609096	0.0000000928	0.7849637625	0.7849637278	0.0000000347
0.3500000000	1.3024293988	1.3024292949	0.0000001039	0.7621505729	0.7621505298	0.0000000432
0.4000000000	1.3400064418	1.3400063289	0.0000001129	0.7411564186	0.7411563665	0.0000000521
0.4500000000	1.3765594117	1.3765592920	0.0000001197	0.7210217854	0.7210217240	0.0000000614
0.5000000000	1.4121059284	1.4121058041	0.0000001242	0.7007241042	0.7007240334	0.0000000708
0.5500000000	1.4466114596	1.4466113333	0.0000001263	0.6792044025	0.6792043222	0.0000000803
0.6000000000	1.4799881880	1.4799880620	0.0000001260	0.6553948722	0.6553947826	0.0000000895
0.6500000000	1.5120952654	1.5120951421	0.0000001234	0.6282467276	0.6282466290	0.0000000985
0.7000000000	1.5427404549	1.5427403364	0.0000001185	0.5967577166	0.5967576095	0.0000001071
0.7500000000	1.5716831259	1.5716830143	0.0000001116	0.5599986583	0.5599985432	0.0000001151
0.8000000000	1.5986385396	1.5986384368	0.0000001028	0.5171384001	0.5171382778	0.0000001223
0.8500000000	1.6232833308	1.6232832383	0.0000000925	0.4674666250	0.4674664962	0.0000001288
0.9000000000	1.6452620650	1.6452619840	0.0000000810	0.4104139843	0.4104138500	0.0000001343
0.9500000000	1.6641947256	1.6641946570	0.0000000686	0.3455690962	0.3455689573	0.0000001389
1.0000000000	1.6796849646	1.6796849090	0.0000000556	0.2726920143	0.2726918720	0.0000001424

=== Метод Адамса 4-го порядка (h1) ===
x		y		y_exact		|y - y_exact|		z = y'		z_exact		|z - z_exact|
0.0000000000	1.0000000000	1.0000000000	0.0000000000	1.0000000000	1.0000000000	0.0000000000
0.1000000000	1.0953356271	1.0953350873	0.0000005398	0.9100462591	0.9100461272	0.0000001319
0.2000000000	1.1826576519	1.1826565985	0.0000010534	0.8394216860	0.8394213581	0.0000003279
0.3000000000	1.2637624036	1.2637609096	0.0000014941	0.7849643032	0.7849637278	0.0000005754
0.4000000000	1.3400910236	1.3400063289	0.0000846947	0.7409883566	0.7411563665	0.0001680100
0.5000000000	1.4122145726	1.4121058041	0.0001087685	0.7002992514	0.7007240334	0.0004247820
0.6000000000	1.4800771970	1.4799880620	0.0000891350	0.6546805448	0.6553947826	0.0007142378
0.7000000000	1.5427507994	1.5427403364	0.0000104630	0.5957298248	0.5967576095	0.0010277847
0.8000000000	1.5985056549	1.5986384368	0.0001327819	0.5158156929	0.5171382778	0.0013225849
0.9000000000	1.6449318647	1.6452619840	0.0003301193	0.4088473211	0.4104138500	0.0015665289
1.0000000000	1.6791125121	1.6796849090	0.0005723968	0.2709605708	0.2726918720	0.0017313012

=== Метод Адамса 4-го порядка (h2) ===
x		y		y_exact		|y - y_exact|		z = y'		z_exact		|z - z_exact|
0.0000000000	1.0000000000	1.0000000000	0.0000000000	1.0000000000	1.0000000000	0.0000000000
0.0500000000	1.0487918685	1.0487918516	0.0000000169	0.9525132879	0.9525132845	0.0000000034
0.1000000000	1.0953351211	1.0953350873	0.0000000338	0.9100461350	0.9100461272	0.0000000078
0.1500000000	1.1398778685	1.1398778183	0.0000000501	0.8724544495	0.8724544363	0.0000000132
0.2000000000	1.1826596693	1.1826565985	0.0000030708	0.8394186440	0.8394213581	0.0000027142
0.2500000000	1.2238936283	1.2238880207	0.0000056076	0.8104601309	0.8104672948	0.0000071638
0.3000000000	1.2637686421	1.2637609096	0.0000077325	0.7849509115	0.7849637278	0.0000128163
0.3500000000	1.3024385425	1.3024292949	0.0000092476	0.7621307379	0.7621505298	0.0000197918
0.4000000000	1.3400163422	1.3400063289	0.0000100133	0.7411285388	0.7411563665	0.0000278277
0.4500000000	1.3765692560	1.3765592920	0.0000099640	0.7209850062	0.7210217240	0.0000367178
0.5000000000	1.4121148199	1.4121058041	0.0000090157	0.7006778032	0.7007240334	0.0000462302
0.5500000000	1.4466184513	1.4466113333	0.0000071181	0.6791482127	0.6792043222	0.0000561096
0.6000000000	1.4799923049	1.4799880620	0.0000042429	0.6553286897	0.6553947826	0.0000660929
0.6500000000	1.5120955279	1.5120951421	0.0000003858	0.6281707191	0.6282466290	0.0000759099
0.7000000000	1.5427359039	1.5427403364	0.0000044325	0.5966723189	0.5967576095	0.0000852906
0.7500000000	1.5716728471	1.5716830143	0.0000101672	0.5599045716	0.5599985432	0.0000939716
0.8000000000	1.5986216867	1.5986384368	0.0000167501	0.5170365756	0.5171382778	0.0001017022
0.8500000000	1.6232591477	1.6232832383	0.0000240906	0.4673582464	0.4674664962	0.0001082498
0.9000000000	1.6452299057	1.6452619840	0.0000320782	0.4103004442	0.4104138500	0.0001134058
0.9500000000	1.6641540725	1.6641946570	0.0000405845	0.3454519674	0.3455689573	0.0001169899
1.0000000000	1.6796354432	1.6796849090	0.0000494658	0.2725730170	0.2726918720	0.0001188550

=== Оценка погрешности ===

Метод Эйлера
max |y_h - y_exact|     = 0.0169235289
max |y_h/2 - y_exact|   = 0.0092544516
Runge-Romberg estimate  = 0.0076690772

Метод Рунге-Кутты 4-го порядка
max |y_h - y_exact|     = 0.0000020502
max |y_h/2 - y_exact|   = 0.0000001263
Runge-Romberg estimate  = 0.0000001283

Метод Адамса 4-го порядка
max |y_h - y_exact|     = 0.0005723968
max |y_h/2 - y_exact|   = 0.0000494658
Runge-Romberg estimate  = 0.0000348621

